tinggi badan (cm)
157
163
156
166
162
165
155
160
164
161
172
149
166
162
167
161
144
164
160
155
157
162
177
163
155
173
159
156
154
157
174
167
166
162
163
165
163
162
168
160
163
156
171
170
150
160
165
165
166
159
154
163
152
166
166
149
167
160
157
164
170
171
154
159
162
162
159
147
160
154
162
156
161
157
159
159
170
166
160
154
168
152
154
157
155
156
170
161
157
166
163
154
158
165
174
171
167
161
151
157
160
165
162
162
173
164
160
159
162
156
170
160
158
156
167
153
159
163
161
163
153
159
151
156
169
163
162
156
158
155
162
166
163
158
165
164
167
159
154
161
163
171
161
164
161
175
170
160
161
161
162
158
162
157
155
167
166
158
170
160
160
155
161
161
162
164
167
164
168
168
143
159
165
154
155
163
159
151
167
156
164
164
171
163
166
169
159
151
162
170
153
168
161
162
159
168
170
171
155
166
159
155
164
161
166
173
168
157
162
170
169
152
167
159
158
155
160
166
171
162
161
160
168
155
163
168
168
164
154
156
157
152
162
169
146
166
160
157
166
166
162
156
157
151
173
161
157
148
159
158
